10	3	8	23
12	3	13	36
14	3	19	59
16	3	30	94
18	3	46	151
10	4	5	12
12	4	8	16
14	4	11	23
16	4	15	33
18	4	19	48
10	5	4	8
12	5	7	10
14	5	7	14
16	5	10	18
18	5	13	24

20	3	72	242
20	4	28	67
20	5	16	32
22	3	113	386
22	4	38	96
22	5	18	44
24	3	177	616
24	4	54	136
24	5	26	57
26  3   279 981
26  4   75  195
26  5   34  75
28  3   441 1561
28  4   106 273
28  5   43  100
30  3   697 2483
30  4   146 389
30  5   57  132



10	3	8	23
12	3	13	36
14	3	19	59
16	3	30	94
18	3	46	151
20  3   72  242
22  3   113 386
24  3   177 616
26  3   279 981
28  3   441 1561
30  3   697 2483
10	4	5	12
12	4	8	16
14	4	11	23
16	4	15	33
18	4	19	48
10	5	4	8
12	5	7	10
14	5	7	14
16	5	10	18